    0.10000E-03    0.80465E+03
    0.10202E-03    0.80422E+03
    0.10408E-03    0.80426E+03
    0.10618E-03    0.80477E+03
    0.10833E-03    0.80573E+03
    0.11052E-03    0.80714E+03
    0.11275E-03    0.80898E+03
    0.11503E-03    0.81126E+03
    0.11735E-03    0.81396E+03
    0.11972E-03    0.81709E+03
    0.12214E-03    0.82062E+03
    0.12461E-03    0.82457E+03
    0.12712E-03    0.82891E+03
    0.12969E-03    0.83366E+03
    0.13231E-03    0.83881E+03
    0.13499E-03    0.84435E+03
    0.13771E-03    0.85029E+03
    0.14049E-03    0.85661E+03
    0.14333E-03    0.86332E+03
    0.14623E-03    0.87042E+03
    0.14918E-03    0.87790E+03
    0.15220E-03    0.88577E+03
    0.15527E-03    0.89402E+03
    0.15841E-03    0.90266E+03
    0.16161E-03    0.91169E+03
    0.16487E-03    0.92109E+03
    0.16820E-03    0.93089E+03
    0.17160E-03    0.94107E+03
    0.17507E-03    0.95164E+03
    0.17860E-03    0.96260E+03
    0.18221E-03    0.97395E+03
    0.18589E-03    0.98570E+03
    0.18965E-03    0.99785E+03
    0.19348E-03    0.10104E+04
    0.19739E-03    0.10233E+04
    0.20138E-03    0.10367E+04
    0.20544E-03    0.10505E+04
    0.20959E-03    0.10646E+04
    0.21383E-03    0.10792E+04
    0.21815E-03    0.10942E+04
    0.22255E-03    0.11097E+04
    0.22705E-03    0.11255E+04
    0.23164E-03    0.11418E+04
    0.23632E-03    0.11585E+04
    0.24109E-03    0.11757E+04
    0.24596E-03    0.11933E+04
    0.25093E-03    0.12114E+04
    0.25600E-03    0.12300E+04
    0.26117E-03    0.12490E+04
    0.26645E-03    0.12684E+04
    0.27183E-03    0.12884E+04
    0.27732E-03    0.13088E+04
    0.28292E-03    0.13297E+04
    0.28864E-03    0.13512E+04
    0.29447E-03    0.13731E+04
    0.30042E-03    0.13955E+04
    0.30649E-03    0.14185E+04
    0.31268E-03    0.14419E+04
    0.31899E-03    0.14660E+04
    0.32544E-03    0.14905E+04
    0.33201E-03    0.15156E+04
    0.33872E-03    0.15413E+04
    0.34556E-03    0.15675E+04
    0.35254E-03    0.15943E+04
    0.35966E-03    0.16217E+04
    0.36693E-03    0.16496E+04
    0.37434E-03    0.16782E+04
    0.38190E-03    0.17074E+04
    0.38962E-03    0.17372E+04
    0.39749E-03    0.17676E+04
    0.40552E-03    0.17987E+04
    0.41371E-03    0.18305E+04
    0.42207E-03    0.18628E+04
    0.43060E-03    0.18959E+04
    0.43929E-03    0.19296E+04
    0.44817E-03    0.19641E+04
    0.45722E-03    0.19992E+04
    0.46646E-03    0.20351E+04
    0.47588E-03    0.20717E+04
    0.48550E-03    0.21090E+04
    0.49530E-03    0.21471E+04
    0.50531E-03    0.21859E+04
    0.51552E-03    0.22255E+04
    0.52593E-03    0.22659E+04
    0.53656E-03    0.23071E+04
    0.54739E-03    0.23491E+04
    0.55845E-03    0.23920E+04
    0.56973E-03    0.24356E+04
    0.58124E-03    0.24802E+04
    0.59299E-03    0.25256E+04
    0.60496E-03    0.25719E+04
    0.61719E-03    0.26191E+04
    0.62965E-03    0.26671E+04
    0.64237E-03    0.27162E+04
    0.65535E-03    0.27661E+04
    0.66859E-03    0.28170E+04
    0.68210E-03    0.28689E+04
    0.69588E-03    0.29218E+04
    0.70993E-03    0.29757E+04
    0.72427E-03    0.30306E+04
    0.73891E-03    0.30865E+04
    0.75383E-03    0.31435E+04
    0.76906E-03    0.32015E+04
    0.78460E-03    0.32606E+04
    0.80045E-03    0.33209E+04
    0.81662E-03    0.33822E+04
    0.83311E-03    0.34447E+04
    0.84994E-03    0.35083E+04
    0.86711E-03    0.35731E+04
    0.88463E-03    0.36391E+04
    0.90250E-03    0.37063E+04
    0.92073E-03    0.37747E+04
    0.93933E-03    0.38443E+04
    0.95831E-03    0.39152E+04
    0.97767E-03    0.39874E+04
    0.99742E-03    0.40609E+04
    0.10176E-02    0.41357E+04
    0.10381E-02    0.42118E+04
    0.10591E-02    0.42893E+04
    0.10805E-02    0.43682E+04
    0.11023E-02    0.44484E+04
    0.11246E-02    0.45301E+04
    0.11473E-02    0.46132E+04
    0.11705E-02    0.46977E+04
    0.11941E-02    0.47837E+04
    0.12182E-02    0.48712E+04
    0.12429E-02    0.49602E+04
    0.12680E-02    0.50508E+04
    0.12936E-02    0.51428E+04
    0.13197E-02    0.52365E+04
    0.13464E-02    0.53317E+04
    0.13736E-02    0.54285E+04
    0.14013E-02    0.55270E+04
    0.14296E-02    0.56271E+04
    0.14585E-02    0.57289E+04
    0.14880E-02    0.58323E+04
    0.15180E-02    0.59374E+04
    0.15487E-02    0.60443E+04
    0.15800E-02    0.61529E+04
    0.16119E-02    0.62632E+04
    0.16445E-02    0.63753E+04
    0.16777E-02    0.64893E+04
    0.17116E-02    0.66050E+04
    0.17462E-02    0.67225E+04
    0.17814E-02    0.68419E+04
    0.18174E-02    0.69631E+04
    0.18541E-02    0.70862E+04
    0.18916E-02    0.72112E+04
    0.19298E-02    0.73381E+04
    0.19688E-02    0.74670E+04
    0.20086E-02    0.75977E+04
    0.20491E-02    0.77304E+04
    0.20905E-02    0.78651E+04
    0.21328E-02    0.80017E+04
    0.21758E-02    0.81403E+04
    0.22198E-02    0.82809E+04
    0.22646E-02    0.84235E+04
    0.23104E-02    0.85682E+04
    0.23571E-02    0.87148E+04
    0.24047E-02    0.88635E+04
    0.24533E-02    0.90141E+04
    0.25028E-02    0.91669E+04
    0.25534E-02    0.93217E+04
    0.26050E-02    0.94785E+04
    0.26576E-02    0.96374E+04
    0.27113E-02    0.97983E+04
    0.27660E-02    0.99613E+04
    0.28219E-02    0.10126E+05
    0.28789E-02    0.10293E+05
    0.29371E-02    0.10462E+05
    0.29964E-02    0.10634E+05
    0.30569E-02    0.10807E+05
    0.31187E-02    0.10982E+05
    0.31817E-02    0.11159E+05
    0.32460E-02    0.11338E+05
    0.33115E-02    0.11520E+05
    0.33784E-02    0.11703E+05
    0.34467E-02    0.11888E+05
    0.35163E-02    0.12075E+05
    0.35874E-02    0.12264E+05
    0.36598E-02    0.12455E+05
    0.37338E-02    0.12647E+05
    0.38092E-02    0.12842E+05
    0.38861E-02    0.13038E+05
    0.39646E-02    0.13236E+05
    0.40447E-02    0.13436E+05
    0.41264E-02    0.13637E+05
    0.42098E-02    0.13840E+05
    0.42948E-02    0.14045E+05
    0.43816E-02    0.14252E+05
    0.44701E-02    0.14460E+05
    0.45604E-02    0.14668E+05
    0.46525E-02    0.14878E+05
    0.47465E-02    0.15092E+05
    0.48424E-02    0.15310E+05
    0.49402E-02    0.15523E+05
    0.50400E-02    0.15723E+05
    0.51419E-02    0.15913E+05
    0.52457E-02    0.16109E+05
    0.53517E-02    0.16321E+05
    0.54598E-02    0.16543E+05
    0.55701E-02    0.16765E+05
    0.56826E-02    0.16983E+05
    0.57974E-02    0.17201E+05
    0.59145E-02    0.17420E+05
    0.60340E-02    0.17640E+05
    0.61559E-02    0.17861E+05
    0.62803E-02    0.18081E+05
    0.64072E-02    0.18301E+05
    0.65366E-02    0.18521E+05
    0.66686E-02    0.18740E+05
    0.68033E-02    0.18960E+05
    0.69408E-02    0.19178E+05
    0.70810E-02    0.19396E+05
    0.72240E-02    0.19613E+05
    0.73700E-02    0.19829E+05
    0.75189E-02    0.20044E+05
    0.76708E-02    0.20258E+05
    0.78257E-02    0.20470E+05
    0.79838E-02    0.20680E+05
    0.81451E-02    0.20889E+05
    0.83096E-02    0.21096E+05
    0.84775E-02    0.21301E+05
    0.86488E-02    0.21503E+05
    0.88235E-02    0.21703E+05
    0.90017E-02    0.21900E+05
    0.91836E-02    0.22094E+05
    0.93691E-02    0.22285E+05
    0.95583E-02    0.22473E+05
    0.97514E-02    0.22657E+05
    0.99484E-02    0.22837E+05
    0.10149E-01    0.23014E+05
    0.10354E-01    0.23186E+05
    0.10564E-01    0.23352E+05
    0.10777E-01    0.23511E+05
    0.10995E-01    0.23665E+05
    0.11217E-01    0.23815E+05
    0.11443E-01    0.23961E+05
    0.11675E-01    0.24102E+05
    0.11910E-01    0.24236E+05
    0.12151E-01    0.24364E+05
    0.12397E-01    0.24484E+05
    0.12647E-01    0.24598E+05
    0.12902E-01    0.24706E+05
    0.13163E-01    0.24809E+05
    0.13429E-01    0.24904E+05
    0.13700E-01    0.24989E+05
    0.13977E-01    0.25065E+05
    0.14259E-01    0.25132E+05
    0.14547E-01    0.25191E+05
    0.14841E-01    0.25240E+05
    0.15141E-01    0.25278E+05
    0.15447E-01    0.25305E+05
    0.15759E-01    0.25323E+05
    0.16077E-01    0.25332E+05
    0.16402E-01    0.25332E+05
    0.16734E-01    0.25321E+05
    0.17072E-01    0.25299E+05
    0.17416E-01    0.25267E+05
    0.17768E-01    0.25225E+05
    0.18127E-01    0.25173E+05
    0.18493E-01    0.25107E+05
    0.18867E-01    0.25028E+05
    0.19248E-01    0.24938E+05
    0.19637E-01    0.24835E+05
    0.20034E-01    0.24722E+05
    0.20438E-01    0.24596E+05
    0.20851E-01    0.24458E+05
    0.21272E-01    0.24307E+05
    0.21702E-01    0.24146E+05
    0.22141E-01    0.23972E+05
    0.22588E-01    0.23786E+05
    0.23044E-01    0.23589E+05
    0.23510E-01    0.23381E+05
    0.23985E-01    0.23161E+05
    0.24469E-01    0.22931E+05
    0.24964E-01    0.22690E+05
    0.25468E-01    0.22439E+05
    0.25982E-01    0.22178E+05
    0.26507E-01    0.21908E+05
    0.27043E-01    0.21629E+05
    0.27589E-01    0.21341E+05
    0.28146E-01    0.21047E+05
    0.28715E-01    0.20745E+05
    0.29295E-01    0.20437E+05
    0.29887E-01    0.20123E+05
    0.30490E-01    0.19804E+05
    0.31106E-01    0.19482E+05
    0.31735E-01    0.19156E+05
    0.32376E-01    0.18827E+05
    0.33030E-01    0.18497E+05
    0.33697E-01    0.18167E+05
    0.34378E-01    0.17836E+05
    0.35072E-01    0.17507E+05
    0.35781E-01    0.17180E+05
    0.36504E-01    0.16856E+05
    0.37241E-01    0.16535E+05
    0.37993E-01    0.16219E+05
    0.38761E-01    0.15909E+05
    0.39544E-01    0.15604E+05
    0.40343E-01    0.15307E+05
    0.41158E-01    0.15018E+05
    0.41989E-01    0.14736E+05
    0.42838E-01    0.14463E+05
    0.43703E-01    0.14200E+05
    0.44586E-01    0.13946E+05
    0.45486E-01    0.13702E+05
    0.46405E-01    0.13468E+05
    0.47343E-01    0.13244E+05
    0.48299E-01    0.13030E+05
    0.49275E-01    0.12825E+05
    0.50270E-01    0.12630E+05
    0.51286E-01    0.12444E+05
    0.52322E-01    0.12266E+05
    0.53379E-01    0.12096E+05
    0.54457E-01    0.11932E+05
    0.55557E-01    0.11773E+05
    0.56680E-01    0.11620E+05
    0.57825E-01    0.11471E+05
    0.58993E-01    0.11321E+05
    0.60184E-01    0.11172E+05
    0.61400E-01    0.11022E+05
    0.62641E-01    0.10869E+05
    0.63906E-01    0.10711E+05
    0.65197E-01    0.10548E+05
    0.66514E-01    0.10378E+05
    0.67858E-01    0.10200E+05
    0.69229E-01    0.10013E+05
    0.70627E-01    0.98157E+04
    0.72054E-01    0.96082E+04
    0.73510E-01    0.93904E+04
    0.74994E-01    0.91626E+04
    0.76509E-01    0.89254E+04
    0.78055E-01    0.86800E+04
    0.79632E-01    0.84277E+04
    0.81241E-01    0.81705E+04
    0.82882E-01    0.79105E+04
    0.84556E-01    0.76499E+04
    0.86264E-01    0.73914E+04
    0.88007E-01    0.71376E+04
    0.89785E-01    0.68910E+04
    0.91598E-01    0.66541E+04
    0.93449E-01    0.64292E+04
    0.95337E-01    0.62182E+04
    0.97263E-01    0.60225E+04
    0.99227E-01    0.58433E+04
    0.10123E+00    0.56811E+04
    0.10328E+00    0.55358E+04
    0.10536E+00    0.54069E+04
    0.10749E+00    0.52931E+04
    0.10966E+00    0.51926E+04
    0.11188E+00    0.51031E+04
    0.11414E+00    0.50219E+04
    0.11644E+00    0.49457E+04
    0.11880E+00    0.48713E+04
    0.12120E+00    0.47953E+04
    0.12365E+00    0.47146E+04
    0.12614E+00    0.46264E+04
    0.12869E+00    0.45287E+04
    0.13129E+00    0.44203E+04
    0.13394E+00    0.43011E+04
    0.13665E+00    0.41721E+04
    0.13941E+00    0.40352E+04
    0.14223E+00    0.38933E+04
    0.14510E+00    0.37500E+04
    0.14803E+00    0.36090E+04
    0.15102E+00    0.34739E+04
    0.15407E+00    0.33481E+04
    0.15718E+00    0.32342E+04
    0.16036E+00    0.31337E+04
    0.16360E+00    0.30470E+04
    0.16690E+00    0.29733E+04
    0.17028E+00    0.29110E+04
    0.17371E+00    0.28574E+04
    0.17722E+00    0.28091E+04
    0.18080E+00    0.27623E+04
    0.18446E+00    0.27135E+04
    0.18818E+00    0.26596E+04
    0.19198E+00    0.25988E+04
    0.19586E+00    0.25305E+04
    0.19982E+00    0.24556E+04
    0.20386E+00    0.23764E+04
    0.20797E+00    0.22960E+04
    0.21218E+00    0.22177E+04
    0.21646E+00    0.21447E+04
    0.22083E+00    0.20792E+04
    0.22530E+00    0.20223E+04
    0.22985E+00    0.19736E+04
    0.23449E+00    0.19318E+04
    0.23923E+00    0.18943E+04
    0.24406E+00    0.18584E+04
    0.24899E+00    0.18214E+04
    0.25402E+00    0.17813E+04
    0.25915E+00    0.17375E+04
    0.26439E+00    0.16905E+04
    0.26973E+00    0.16421E+04
    0.27518E+00    0.15944E+04
    0.28074E+00    0.15497E+04
    0.28641E+00    0.15092E+04
    0.29219E+00    0.14733E+04
    0.29810E+00    0.14414E+04
    0.30412E+00    0.14119E+04
    0.31026E+00    0.13831E+04
    0.31653E+00    0.13536E+04
    0.32292E+00    0.13227E+04
    0.32945E+00    0.12907E+04
    0.33610E+00    0.12586E+04
    0.34289E+00    0.12276E+04
    0.34982E+00    0.11987E+04
    0.35689E+00    0.11721E+04
    0.36409E+00    0.11475E+04
    0.37145E+00    0.11240E+04
    0.37895E+00    0.11008E+04
    0.38661E+00    0.10774E+04
    0.39442E+00    0.10538E+04
    0.40239E+00    0.10305E+04
    0.41052E+00    0.10081E+04
    0.41881E+00    0.98683E+03
    0.42727E+00    0.96670E+03
    0.43590E+00    0.94737E+03
    0.44471E+00    0.92843E+03
    0.45369E+00    0.90967E+03
    0.46286E+00    0.89113E+03
    0.47221E+00    0.87305E+03
    0.48174E+00    0.85561E+03
    0.49148E+00    0.83884E+03
    0.50141E+00    0.82259E+03
    0.51153E+00    0.80671E+03
    0.52187E+00    0.79110E+03
    0.53241E+00    0.77581E+03
    0.54317E+00    0.76092E+03
    0.55414E+00    0.74646E+03
    0.56533E+00    0.73238E+03
    0.57675E+00    0.71862E+03
    0.58840E+00    0.70514E+03
    0.60029E+00    0.69194E+03
    0.61242E+00    0.67904E+03
    0.62479E+00    0.66644E+03
    0.63741E+00    0.65412E+03
    0.65029E+00    0.64204E+03
    0.66342E+00    0.63020E+03
    0.67683E+00    0.61859E+03
    0.69050E+00    0.60722E+03
    0.70445E+00    0.59606E+03
    0.71868E+00    0.58512E+03
    0.73320E+00    0.57436E+03
    0.74801E+00    0.56380E+03
    0.76312E+00    0.55343E+03
    0.77854E+00    0.54323E+03
    0.79426E+00    0.53320E+03
    0.81031E+00    0.52333E+03
    0.82668E+00    0.51361E+03
    0.84338E+00    0.50405E+03
    0.86041E+00    0.49463E+03
    0.87780E+00    0.48535E+03
    0.89553E+00    0.47621E+03
    0.91362E+00    0.46719E+03
    0.93208E+00    0.45830E+03
    0.95091E+00    0.44953E+03
    0.97011E+00    0.44088E+03
    0.98971E+00    0.43234E+03
    0.10097E+01    0.42392E+03
    0.10301E+01    0.41560E+03
    0.10509E+01    0.40738E+03
    0.10721E+01    0.39927E+03
    0.10938E+01    0.39125E+03
    0.11159E+01    0.38334E+03
    0.11384E+01    0.37552E+03
    0.11614E+01    0.36779E+03
    0.11849E+01    0.36015E+03
    0.12088E+01    0.35261E+03
    0.12333E+01    0.34515E+03
    0.12582E+01    0.33779E+03
    0.12836E+01    0.33051E+03
    0.13095E+01    0.32331E+03
    0.13360E+01    0.31621E+03
    0.13630E+01    0.30919E+03
    0.13905E+01    0.30225E+03
    0.14186E+01    0.29540E+03
    0.14472E+01    0.28863E+03
    0.14765E+01    0.28195E+03
    0.15063E+01    0.27535E+03
    0.15367E+01    0.26884E+03
    0.15678E+01    0.26241E+03
    0.15994E+01    0.25607E+03
    0.16318E+01    0.24982E+03
    0.16647E+01    0.24365E+03
    0.16984E+01    0.23757E+03
    0.17327E+01    0.23157E+03
    0.17677E+01    0.22566E+03
    0.18034E+01    0.21984E+03
    0.18398E+01    0.21411E+03
    0.18770E+01    0.20847E+03
    0.19149E+01    0.20292E+03
    0.19536E+01    0.19747E+03
    0.19930E+01    0.19210E+03
